# ======== Sweep ID: 2017-01-19_17-45-18 ========
# ======== SWEEP START ========
+10.000E-06    +007.719E+00    +10.000E-06    +007.678E+00    +10.000E-06    +007.891E+00    +10.000E-06    +007.898E+00    +10.000E-06    +007.822E+00    +10.000E-06    +007.774E+00
+09.900E-06    +007.726E+00    +09.900E-06    +007.678E+00    +09.900E-06    +007.884E+00    +09.900E-06    +007.884E+00    +09.900E-06    +007.815E+00    +09.900E-06    +007.774E+00
+09.800E-06    +007.691E+00    +09.800E-06    +007.664E+00    +09.800E-06    +007.870E+00    +09.800E-06    +007.877E+00    +09.800E-06    +007.815E+00    +09.800E-06    +007.774E+00
+09.700E-06    +007.684E+00    +09.700E-06    +007.664E+00    +09.700E-06    +007.870E+00    +09.700E-06    +007.891E+00    +09.700E-06    +007.815E+00    +09.700E-06    +007.767E+00
+09.600E-06    +007.671E+00    +09.600E-06    +007.643E+00    +09.600E-06    +007.850E+00    +09.600E-06    +007.863E+00    +09.600E-06    +007.795E+00    +09.600E-06    +007.753E+00
+09.500E-06    +007.678E+00    +09.500E-06    +007.636E+00    +09.500E-06    +007.829E+00    +09.500E-06    +007.850E+00    +09.500E-06    +007.795E+00    +09.500E-06    +007.746E+00
+09.400E-06    +007.664E+00    +09.400E-06    +007.623E+00    +09.400E-06    +007.822E+00    +09.400E-06    +007.843E+00    +09.400E-06    +007.788E+00    +09.400E-06    +007.726E+00
+09.300E-06    +007.664E+00    +09.300E-06    +007.616E+00    +09.300E-06    +007.822E+00    +09.300E-06    +007.843E+00    +09.300E-06    +007.774E+00    +09.300E-06    +007.719E+00
+09.200E-06    +007.636E+00    +09.200E-06    +007.609E+00    +09.200E-06    +007.795E+00    +09.200E-06    +007.829E+00    +09.200E-06    +007.760E+00    +09.200E-06    +007.719E+00
+09.100E-06    +007.650E+00    +09.100E-06    +007.602E+00    +09.100E-06    +007.795E+00    +09.100E-06    +007.815E+00    +09.100E-06    +007.753E+00    +09.100E-06    +007.698E+00
+09.000E-06    +007.643E+00    +09.000E-06    +007.581E+00    +09.000E-06    +007.781E+00    +09.000E-06    +007.801E+00    +09.000E-06    +007.740E+00    +09.000E-06    +007.712E+00
+08.900E-06    +007.616E+00    +08.900E-06    +007.581E+00    +08.900E-06    +007.781E+00    +08.900E-06    +007.801E+00    +08.900E-06    +007.746E+00    +08.900E-06    +007.698E+00
+08.800E-06    +007.609E+00    +08.800E-06    +007.567E+00    +08.800E-06    +007.767E+00    +08.800E-06    +007.774E+00    +08.800E-06    +007.733E+00    +08.800E-06    +007.678E+00
+08.700E-06    +007.581E+00    +08.700E-06    +007.547E+00    +08.700E-06    +007.767E+00    +08.700E-06    +007.774E+00    +08.700E-06    +007.712E+00    +08.700E-06    +007.678E+00
+08.600E-06    +007.581E+00    +08.600E-06    +007.554E+00    +08.600E-06    +007.774E+00    +08.600E-06    +007.781E+00    +08.600E-06    +007.705E+00    +08.600E-06    +007.678E+00
+08.500E-06    +007.554E+00    +08.500E-06    +007.540E+00    +08.500E-06    +007.746E+00    +08.500E-06    +007.760E+00    +08.500E-06    +007.705E+00    +08.500E-06    +007.643E+00
+08.400E-06    +007.547E+00    +08.400E-06    +007.533E+00    +08.400E-06    +007.746E+00    +08.400E-06    +007.746E+00    +08.400E-06    +007.691E+00    +08.400E-06    +007.657E+00
+08.300E-06    +007.526E+00    +08.300E-06    +007.512E+00    +08.300E-06    +007.719E+00    +08.300E-06    +007.726E+00    +08.300E-06    +007.678E+00    +08.300E-06    +007.629E+00
+08.200E-06    +007.533E+00    +08.200E-06    +007.512E+00    +08.200E-06    +007.719E+00    +08.200E-06    +007.719E+00    +08.200E-06    +007.664E+00    +08.200E-06    +007.595E+00
+08.100E-06    +007.512E+00    +08.100E-06    +007.499E+00    +08.100E-06    +007.698E+00    +08.100E-06    +007.726E+00    +08.100E-06    +007.664E+00    +08.100E-06    +007.609E+00
+08.000E-06    +007.505E+00    +08.000E-06    +007.485E+00    +08.000E-06    +007.698E+00    +08.000E-06    +007.698E+00    +08.000E-06    +007.636E+00    +08.000E-06    +007.588E+00
+07.900E-06    +007.505E+00    +07.900E-06    +007.471E+00    +07.900E-06    +007.671E+00    +07.900E-06    +007.678E+00    +07.900E-06    +007.636E+00    +07.900E-06    +007.574E+00
+07.800E-06    +007.492E+00    +07.800E-06    +007.444E+00    +07.800E-06    +007.657E+00    +07.800E-06    +007.684E+00    +07.800E-06    +007.609E+00    +07.800E-06    +007.567E+00
+07.700E-06    +007.485E+00    +07.700E-06    +007.450E+00    +07.700E-06    +007.664E+00    +07.700E-06    +007.678E+00    +07.700E-06    +007.588E+00    +07.700E-06    +007.540E+00
+07.600E-06    +007.478E+00    +07.600E-06    +007.430E+00    +07.600E-06    +007.623E+00    +07.600E-06    +007.657E+00    +07.600E-06    +007.588E+00    +07.600E-06    +007.547E+00
+07.500E-06    +007.450E+00    +07.500E-06    +007.437E+00    +07.500E-06    +007.616E+00    +07.500E-06    +007.650E+00    +07.500E-06    +007.574E+00    +07.500E-06    +007.519E+00
+07.400E-06    +007.423E+00    +07.400E-06    +007.402E+00    +07.400E-06    +007.602E+00    +07.400E-06    +007.623E+00    +07.400E-06    +007.567E+00    +07.400E-06    +007.499E+00
+07.300E-06    +007.423E+00    +07.300E-06    +007.395E+00    +07.300E-06    +007.588E+00    +07.300E-06    +007.616E+00    +07.300E-06    +007.547E+00    +07.300E-06    +007.512E+00
+07.200E-06    +007.395E+00    +07.200E-06    +007.375E+00    +07.200E-06    +007.574E+00    +07.200E-06    +007.588E+00    +07.200E-06    +007.519E+00    +07.200E-06    +007.492E+00
+07.100E-06    +007.409E+00    +07.100E-06    +007.354E+00    +07.100E-06    +007.567E+00    +07.100E-06    +007.574E+00    +07.100E-06    +007.519E+00    +07.100E-06    +007.457E+00
+07.000E-06    +007.395E+00    +07.000E-06    +007.333E+00    +07.000E-06    +007.519E+00    +07.000E-06    +007.547E+00    +07.000E-06    +007.505E+00    +07.000E-06    +007.444E+00
+06.900E-06    +007.340E+00    +06.900E-06    +007.333E+00    +06.900E-06    +007.519E+00    +06.900E-06    +007.533E+00    +06.900E-06    +007.478E+00    +06.900E-06    +007.444E+00
+06.800E-06    +007.340E+00    +06.800E-06    +007.320E+00    +06.800E-06    +007.512E+00    +06.800E-06    +007.526E+00    +06.800E-06    +007.471E+00    +06.800E-06    +007.422E+00
+06.700E-06    +007.327E+00    +06.700E-06    +007.320E+00    +06.700E-06    +007.478E+00    +06.700E-06    +007.519E+00    +06.700E-06    +007.457E+00    +06.700E-06    +007.402E+00
+06.600E-06    +007.327E+00    +06.600E-06    +007.292E+00    +06.600E-06    +007.471E+00    +06.600E-06    +007.499E+00    +06.600E-06    +007.444E+00    +06.600E-06    +007.388E+00
+06.500E-06    +007.299E+00    +06.500E-06    +007.285E+00    +06.500E-06    +007.464E+00    +06.500E-06    +007.492E+00    +06.500E-06    +007.437E+00    +06.500E-06    +007.374E+00
+06.400E-06    +007.299E+00    +06.400E-06    +007.251E+00    +06.400E-06    +007.444E+00    +06.400E-06    +007.457E+00    +06.400E-06    +007.416E+00    +06.400E-06    +007.368E+00
+06.300E-06    +007.278E+00    +06.300E-06    +007.244E+00    +06.300E-06    +007.444E+00    +06.300E-06    +007.450E+00    +06.300E-06    +007.402E+00    +06.300E-06    +007.333E+00
+06.200E-06    +007.244E+00    +06.200E-06    +007.223E+00    +06.200E-06    +007.416E+00    +06.200E-06    +007.437E+00    +06.200E-06    +007.368E+00    +06.200E-06    +007.320E+00
+06.100E-06    +007.230E+00    +06.100E-06    +007.189E+00    +06.100E-06    +007.409E+00    +06.100E-06    +007.423E+00    +06.100E-06    +007.340E+00    +06.100E-06    +007.285E+00
+06.000E-06    +007.223E+00    +06.000E-06    +007.182E+00    +06.000E-06    +007.368E+00    +06.000E-06    +007.395E+00    +06.000E-06    +007.327E+00    +06.000E-06    +007.299E+00
+05.900E-06    +007.216E+00    +05.900E-06    +007.154E+00    +05.900E-06    +007.375E+00    +05.900E-06    +007.382E+00    +05.900E-06    +007.313E+00    +05.900E-06    +007.265E+00
+05.800E-06    +007.182E+00    +05.800E-06    +007.127E+00    +05.800E-06    +007.361E+00    +05.800E-06    +007.347E+00    +05.800E-06    +007.292E+00    +05.800E-06    +007.278E+00
+05.700E-06    +007.154E+00    +05.700E-06    +007.106E+00    +05.700E-06    +007.333E+00    +05.700E-06    +007.333E+00    +05.700E-06    +007.265E+00    +05.700E-06    +007.244E+00
+05.600E-06    +007.120E+00    +05.600E-06    +007.099E+00    +05.600E-06    +007.299E+00    +05.600E-06    +007.292E+00    +05.600E-06    +007.244E+00    +05.600E-06    +007.216E+00
+05.500E-06    +007.113E+00    +05.500E-06    +007.072E+00    +05.500E-06    +007.271E+00    +05.500E-06    +007.278E+00    +05.500E-06    +007.251E+00    +05.500E-06    +007.223E+00
+05.400E-06    +007.113E+00    +05.400E-06    +007.058E+00    +05.400E-06    +007.258E+00    +05.400E-06    +007.278E+00    +05.400E-06    +007.223E+00    +05.400E-06    +007.182E+00
+05.300E-06    +007.072E+00    +05.300E-06    +007.024E+00    +05.300E-06    +007.251E+00    +05.300E-06    +007.244E+00    +05.300E-06    +007.196E+00    +05.300E-06    +007.175E+00
+05.200E-06    +007.058E+00    +05.200E-06    +006.996E+00    +05.200E-06    +007.230E+00    +05.200E-06    +007.216E+00    +05.200E-06    +007.182E+00    +05.200E-06    +007.127E+00
+05.100E-06    +007.010E+00    +05.100E-06    +006.982E+00    +05.100E-06    +007.182E+00    +05.100E-06    +007.237E+00    +05.100E-06    +007.175E+00    +05.100E-06    +007.120E+00
+05.000E-06    +007.003E+00    +05.000E-06    +006.948E+00    +05.000E-06    +007.154E+00    +05.000E-06    +007.203E+00    +05.000E-06    +007.141E+00    +05.000E-06    +007.072E+00
+04.900E-06    +006.975E+00    +04.900E-06    +006.934E+00    +04.900E-06    +007.141E+00    +04.900E-06    +007.141E+00    +04.900E-06    +007.127E+00    +04.900E-06    +007.058E+00
+04.800E-06    +006.941E+00    +04.800E-06    +006.907E+00    +04.800E-06    +007.093E+00    +04.800E-06    +007.127E+00    +04.800E-06    +007.086E+00    +04.800E-06    +007.010E+00
+04.700E-06    +006.920E+00    +04.700E-06    +006.865E+00    +04.700E-06    +007.079E+00    +04.700E-06    +007.093E+00    +04.700E-06    +007.037E+00    +04.700E-06    +006.989E+00
+04.600E-06    +006.893E+00    +04.600E-06    +006.838E+00    +04.600E-06    +007.058E+00    +04.600E-06    +007.037E+00    +04.600E-06    +007.037E+00    +04.600E-06    +006.941E+00
+04.500E-06    +006.852E+00    +04.500E-06    +006.817E+00    +04.500E-06    +007.017E+00    +04.500E-06    +007.010E+00    +04.500E-06    +006.989E+00    +04.500E-06    +006.934E+00
+04.400E-06    +006.803E+00    +04.400E-06    +006.762E+00    +04.400E-06    +006.982E+00    +04.400E-06    +006.982E+00    +04.400E-06    +006.962E+00    +04.400E-06    +006.900E+00
+04.300E-06    +006.776E+00    +04.300E-06    +006.728E+00    +04.300E-06    +006.941E+00    +04.300E-06    +006.920E+00    +04.300E-06    +006.934E+00    +04.300E-06    +006.852E+00
+04.200E-06    +006.748E+00    +04.200E-06    +006.700E+00    +04.200E-06    +006.900E+00    +04.200E-06    +006.886E+00    +04.200E-06    +006.886E+00    +04.200E-06    +006.783E+00
+04.100E-06    +006.707E+00    +04.100E-06    +006.659E+00    +04.100E-06    +006.879E+00    +04.100E-06    +006.831E+00    +04.100E-06    +006.838E+00    +04.100E-06    +006.769E+00
+04.000E-06    +006.673E+00    +04.000E-06    +006.631E+00    +04.000E-06    +006.831E+00    +04.000E-06    +006.810E+00    +04.000E-06    +006.817E+00    +04.000E-06    +006.735E+00
+03.900E-06    +006.611E+00    +03.900E-06    +006.583E+00    +03.900E-06    +006.783E+00    +03.900E-06    +006.748E+00    +03.900E-06    +006.769E+00    +03.900E-06    +006.666E+00
+03.800E-06    +006.569E+00    +03.800E-06    +006.521E+00    +03.800E-06    +006.728E+00    +03.800E-06    +006.735E+00    +03.800E-06    +006.714E+00    +03.800E-06    +006.631E+00
+03.700E-06    +006.549E+00    +03.700E-06    +006.473E+00    +03.700E-06    +006.693E+00    +03.700E-06    +006.666E+00    +03.700E-06    +006.673E+00    +03.700E-06    +006.583E+00
+03.600E-06    +006.487E+00    +03.600E-06    +006.418E+00    +03.600E-06    +006.638E+00    +03.600E-06    +006.645E+00    +03.600E-06    +006.624E+00    +03.600E-06    +006.521E+00
+03.500E-06    +006.418E+00    +03.500E-06    +006.370E+00    +03.500E-06    +006.597E+00    +03.500E-06    +006.583E+00    +03.500E-06    +006.556E+00    +03.500E-06    +006.480E+00
+03.400E-06    +006.377E+00    +03.400E-06    +006.322E+00    +03.400E-06    +006.542E+00    +03.400E-06    +006.542E+00    +03.400E-06    +006.514E+00    +03.400E-06    +006.424E+00
+03.300E-06    +006.315E+00    +03.300E-06    +006.273E+00    +03.300E-06    +006.487E+00    +03.300E-06    +006.473E+00    +03.300E-06    +006.425E+00    +03.300E-06    +006.349E+00
+03.200E-06    +006.273E+00    +03.200E-06    +006.211E+00    +03.200E-06    +006.425E+00    +03.200E-06    +006.397E+00    +03.200E-06    +006.384E+00    +03.200E-06    +006.307E+00
+03.100E-06    +006.211E+00    +03.100E-06    +006.177E+00    +03.100E-06    +006.342E+00    +03.100E-06    +006.370E+00    +03.100E-06    +006.322E+00    +03.100E-06    +006.245E+00
+03.000E-06    +006.122E+00    +03.000E-06    +006.081E+00    +03.000E-06    +006.301E+00    +03.000E-06    +006.287E+00    +03.000E-06    +006.232E+00    +03.000E-06    +006.170E+00
+02.900E-06    +006.074E+00    +02.900E-06    +006.026E+00    +02.900E-06    +006.245E+00    +02.900E-06    +006.198E+00    +02.900E-06    +006.198E+00    +02.900E-06    +006.101E+00
+02.800E-06    +005.977E+00    +02.800E-06    +005.943E+00    +02.800E-06    +006.156E+00    +02.800E-06    +006.129E+00    +02.800E-06    +006.094E+00    +02.800E-06    +006.025E+00
+02.700E-06    +005.902E+00    +02.700E-06    +005.867E+00    +02.700E-06    +006.108E+00    +02.700E-06    +006.067E+00    +02.700E-06    +006.025E+00    +02.700E-06    +005.963E+00
+02.600E-06    +005.847E+00    +02.600E-06    +005.778E+00    +02.600E-06    +006.018E+00    +02.600E-06    +005.998E+00    +02.600E-06    +005.956E+00    +02.600E-06    +005.901E+00
+02.500E-06    +005.778E+00    +02.500E-06    +005.695E+00    +02.500E-06    +005.929E+00    +02.500E-06    +005.888E+00    +02.500E-06    +005.874E+00    +02.500E-06    +005.798E+00
+02.400E-06    +005.675E+00    +02.400E-06    +005.606E+00    +02.400E-06    +005.860E+00    +02.400E-06    +005.805E+00    +02.400E-06    +005.791E+00    +02.400E-06    +005.716E+00
+02.300E-06    +005.599E+00    +02.300E-06    +005.509E+00    +02.300E-06    +005.771E+00    +02.300E-06    +005.709E+00    +02.300E-06    +005.695E+00    +02.300E-06    +005.647E+00
+02.200E-06    +005.502E+00    +02.200E-06    +005.406E+00    +02.200E-06    +005.668E+00    +02.200E-06    +005.619E+00    +02.200E-06    +005.599E+00    +02.200E-06    +005.544E+00
+02.100E-06    +005.392E+00    +02.100E-06    +005.310E+00    +02.100E-06    +005.592E+00    +02.100E-06    +005.509E+00    +02.100E-06    +005.502E+00    +02.100E-06    +005.447E+00
+02.000E-06    +005.289E+00    +02.000E-06    +005.179E+00    +02.000E-06    +005.468E+00    +02.000E-06    +005.420E+00    +02.000E-06    +005.399E+00    +02.000E-06    +005.330E+00
+01.900E-06    +005.200E+00    +01.900E-06    +005.069E+00    +01.900E-06    +005.358E+00    +01.900E-06    +005.317E+00    +01.900E-06    +005.296E+00    +01.900E-06    +005.241E+00
+01.800E-06    +005.089E+00    +01.800E-06    +004.979E+00    +01.800E-06    +005.248E+00    +01.800E-06    +005.234E+00    +01.800E-06    +005.179E+00    +01.800E-06    +005.131E+00
+01.700E-06    +004.959E+00    +01.700E-06    +004.883E+00    +01.700E-06    +005.117E+00    +01.700E-06    +005.096E+00    +01.700E-06    +005.034E+00    +01.700E-06    +005.028E+00
+01.600E-06    +004.828E+00    +01.600E-06    +004.794E+00    +01.600E-06    +004.979E+00    +01.600E-06    +004.972E+00    +01.600E-06    +004.924E+00    +01.600E-06    +004.883E+00
+01.500E-06    +004.718E+00    +01.500E-06    +004.628E+00    +01.500E-06    +004.862E+00    +01.500E-06    +004.849E+00    +01.500E-06    +004.800E+00    +01.500E-06    +004.759E+00
+01.400E-06    +004.594E+00    +01.400E-06    +004.504E+00    +01.400E-06    +004.745E+00    +01.400E-06    +004.711E+00    +01.400E-06    +004.676E+00    +01.400E-06    +004.628E+00
+01.300E-06    +004.470E+00    +01.300E-06    +004.353E+00    +01.300E-06    +004.608E+00    +01.300E-06    +004.553E+00    +01.300E-06    +004.511E+00    +01.300E-06    +004.456E+00
+01.200E-06    +004.291E+00    +01.200E-06    +004.208E+00    +01.200E-06    +004.449E+00    +01.200E-06    +004.381E+00    +01.200E-06    +004.373E+00    +01.200E-06    +004.319E+00
+01.100E-06    +004.146E+00    +01.100E-06    +004.050E+00    +01.100E-06    +004.270E+00    +01.100E-06    +004.222E+00    +01.100E-06    +004.208E+00    +01.100E-06    +004.160E+00
+1.0000E-06    +003.974E+00    +1.0000E-06    +003.892E+00    +1.0000E-06    +004.126E+00    +1.0000E-06    +004.043E+00    +1.0000E-06    +004.057E+00    +1.0000E-06    +004.002E+00
+0.9000E-06    +003.788E+00    +0.9000E-06    +003.747E+00    +0.9000E-06    +003.926E+00    +0.9000E-06    +003.850E+00    +0.9000E-06    +003.864E+00    +0.9000E-06    +003.823E+00
+0.8000E-06    +003.582E+00    +0.8000E-06    +003.513E+00    +0.8000E-06    +003.720E+00    +0.8000E-06    +003.651E+00    +0.8000E-06    +003.651E+00    +0.8000E-06    +003.596E+00
+0.7000E-06    +003.355E+00    +0.7000E-06    +003.279E+00    +0.7000E-06    +003.479E+00    +0.7000E-06    +003.410E+00    +0.7000E-06    +003.403E+00    +0.7000E-06    +003.376E+00
+0.6000E-06    +003.100E+00    +0.6000E-06    +003.031E+00    +0.6000E-06    +003.217E+00    +0.6000E-06    +003.148E+00    +0.6000E-06    +003.135E+00    +0.6000E-06    +003.093E+00
+0.5000E-06    +002.845E+00    +0.5000E-06    +002.763E+00    +0.5000E-06    +002.928E+00    +0.5000E-06    +002.852E+00    +0.5000E-06    +002.852E+00    +0.5000E-06    +002.790E+00
+0.4000E-06    +002.563E+00    +0.4000E-06    +002.446E+00    +0.4000E-06    +002.605E+00    +0.4000E-06    +002.549E+00    +0.4000E-06    +002.543E+00    +0.4000E-06    +002.515E+00
+0.3000E-06    +002.247E+00    +0.3000E-06    +002.143E+00    +0.3000E-06    +002.274E+00    +0.3000E-06    +002.260E+00    +0.3000E-06    +002.247E+00    +0.3000E-06    +002.185E+00
+0.2000E-06    +001.882E+00    +0.2000E-06    +001.799E+00    +0.2000E-06    +001.923E+00    +0.2000E-06    +001.937E+00    +0.2000E-06    +001.896E+00    +0.2000E-06    +001.847E+00
+100.00E-09    +001.462E+00    +100.00E-09    +001.400E+00    +100.00E-09    +001.490E+00    +100.00E-09    +001.524E+00    +100.00E-09    +001.496E+00    +100.00E-09    +001.428E+00
+0.0000E-09    +000.306E+00    +0.0000E-09    +000.285E+00    +0.0000E-09    +000.306E+00    +0.0000E-09    +000.299E+00    +0.0000E-09    +000.299E+00    +0.0000E-09    +000.292E+00
-100.00E-09    -001.346E+00    -100.00E-09    -001.229E+00    -100.00E-09    -001.807E+00    -100.00E-09    -001.993E+00    -100.00E-09    -001.821E+00    -100.00E-09    -001.463E+00
-0.2000E-06    -001.594E+00    -0.2000E-06    -001.470E+00    -0.2000E-06    -002.262E+00    -0.2000E-06    -002.592E+00    -0.2000E-06    -002.386E+00    -0.2000E-06    -001.718E+00
-0.3000E-06    -001.718E+00    -0.3000E-06    -001.642E+00    -0.3000E-06    -002.709E+00    -0.3000E-06    -003.108E+00    -0.3000E-06    -002.785E+00    -0.3000E-06    -001.993E+00
-0.4000E-06    -001.938E+00    -0.4000E-06    -001.773E+00    -0.4000E-06    -003.184E+00    -0.4000E-06    -003.404E+00    -0.4000E-06    -003.074E+00    -0.4000E-06    -002.207E+00
-0.5000E-06    -001.952E+00    -0.5000E-06    -001.814E+00    -0.5000E-06    -003.494E+00    -0.5000E-06    -003.686E+00    -0.5000E-06    -003.542E+00    -0.5000E-06    -002.530E+00
-0.6000E-06    -002.055E+00    -0.6000E-06    -001.828E+00    -0.6000E-06    -003.790E+00    -0.6000E-06    -003.941E+00    -0.6000E-06    -003.652E+00    -0.6000E-06    -002.764E+00
-0.7000E-06    -002.103E+00    -0.7000E-06    -001.973E+00    -0.7000E-06    -004.100E+00    -0.7000E-06    -004.299E+00    -0.7000E-06    -003.886E+00    -0.7000E-06    -002.867E+00
-0.8000E-06    -002.262E+00    -0.8000E-06    -002.069E+00    -0.8000E-06    -004.416E+00    -0.8000E-06    -004.616E+00    -0.8000E-06    -004.065E+00    -0.8000E-06    -002.929E+00
-0.9000E-06    -002.386E+00    -0.9000E-06    -002.124E+00    -0.9000E-06    -004.678E+00    -0.9000E-06    -004.919E+00    -0.9000E-06    -004.154E+00    -0.9000E-06    -003.170E+00
-1.0000E-06    -002.606E+00    -1.0000E-06    -002.310E+00    -1.0000E-06    -005.015E+00    -1.0000E-06    -005.029E+00    -1.0000E-06    -004.278E+00    -1.0000E-06    -003.260E+00
-01.100E-06    -002.544E+00    -01.100E-06    -002.399E+00    -01.100E-06    -005.394E+00    -01.100E-06    -005.366E+00    -01.100E-06    -004.519E+00    -01.100E-06    -003.487E+00
-01.200E-06    -002.867E+00    -01.200E-06    -002.468E+00    -01.200E-06    -005.373E+00    -01.200E-06    -005.449E+00    -01.200E-06    -004.616E+00    -01.200E-06    -003.569E+00
-01.300E-06    -002.743E+00    -01.300E-06    -002.510E+00    -01.300E-06    -005.628E+00    -01.300E-06    -005.655E+00    -01.300E-06    -004.623E+00    -01.300E-06    -003.659E+00
-01.400E-06    -002.902E+00    -01.400E-06    -002.503E+00    -01.400E-06    -005.683E+00    -01.400E-06    -005.758E+00    -01.400E-06    -004.692E+00    -01.400E-06    -003.666E+00
-01.500E-06    -002.929E+00    -01.500E-06    -002.868E+00    -01.500E-06    -005.896E+00    -01.500E-06    -005.717E+00    -01.500E-06    -004.871E+00    -01.500E-06    -003.865E+00
-01.600E-06    -003.211E+00    -01.600E-06    -002.895E+00    -01.600E-06    -005.986E+00    -01.600E-06    -005.813E+00    -01.600E-06    -004.981E+00    -01.600E-06    -003.852E+00
-01.700E-06    -003.143E+00    -01.700E-06    -003.060E+00    -01.700E-06    -006.061E+00    -01.700E-06    -005.965E+00    -01.700E-06    -005.139E+00    -01.700E-06    -004.368E+00
-01.800E-06    -003.384E+00    -01.800E-06    -003.191E+00    -01.800E-06    -005.951E+00    -01.800E-06    -006.123E+00    -01.800E-06    -005.173E+00    -01.800E-06    -004.320E+00
-01.900E-06    -003.108E+00    -01.900E-06    -003.377E+00    -01.900E-06    -005.869E+00    -01.900E-06    -006.116E+00    -01.900E-06    -005.201E+00    -01.900E-06    -004.388E+00
-02.000E-06    -003.198E+00    -02.000E-06    -003.342E+00    -02.000E-06    -006.027E+00    -02.000E-06    -006.095E+00    -02.000E-06    -005.270E+00    -02.000E-06    -004.464E+00
-02.100E-06    -003.301E+00    -02.100E-06    -003.053E+00    -02.100E-06    -006.034E+00    -02.100E-06    -006.123E+00    -02.100E-06    -005.311E+00    -02.100E-06    -004.505E+00
-02.200E-06    -003.274E+00    -02.200E-06    -003.301E+00    -02.200E-06    -006.027E+00    -02.200E-06    -006.219E+00    -02.200E-06    -005.428E+00    -02.200E-06    -004.629E+00
-02.300E-06    -003.487E+00    -02.300E-06    -003.335E+00    -02.300E-06    -006.158E+00    -02.300E-06    -006.199E+00    -02.300E-06    -005.394E+00    -02.300E-06    -004.843E+00
-02.400E-06    -003.563E+00    -02.400E-06    -003.707E+00    -02.400E-06    -006.103E+00    -02.400E-06    -006.150E+00    -02.400E-06    -005.586E+00    -02.400E-06    -004.905E+00
-02.500E-06    -003.521E+00    -02.500E-06    -003.425E+00    -02.500E-06    -006.171E+00    -02.500E-06    -006.220E+00    -02.500E-06    -005.635E+00    -02.500E-06    -004.767E+00
-02.600E-06    -003.301E+00    -02.600E-06    -003.494E+00    -02.600E-06    -006.089E+00    -02.600E-06    -006.213E+00    -02.600E-06    -005.758E+00    -02.600E-06    -004.884E+00
-02.700E-06    -003.570E+00    -02.700E-06    -003.693E+00    -02.700E-06    -006.199E+00    -02.700E-06    -006.282E+00    -02.700E-06    -005.683E+00    -02.700E-06    -004.891E+00
-02.800E-06    -003.632E+00    -02.800E-06    -003.597E+00    -02.800E-06    -006.212E+00    -02.800E-06    -006.254E+00    -02.800E-06    -005.717E+00    -02.800E-06    -004.898E+00
-02.900E-06    -003.824E+00    -02.900E-06    -003.748E+00    -02.900E-06    -006.157E+00    -02.900E-06    -006.220E+00    -02.900E-06    -005.779E+00    -02.900E-06    -005.173E+00
-03.000E-06    -003.824E+00    -03.000E-06    -003.638E+00    -03.000E-06    -006.302E+00    -03.000E-06    -006.288E+00    -03.000E-06    -005.807E+00    -03.000E-06    -005.118E+00
-03.100E-06    -003.955E+00    -03.100E-06    -003.941E+00    -03.100E-06    -006.206E+00    -03.100E-06    -006.288E+00    -03.100E-06    -005.924E+00    -03.100E-06    -005.152E+00
-03.200E-06    -003.811E+00    -03.200E-06    -003.700E+00    -03.200E-06    -006.220E+00    -03.200E-06    -006.337E+00    -03.200E-06    -005.827E+00    -03.200E-06    -005.118E+00
-03.300E-06    -004.010E+00    -03.300E-06    -003.680E+00    -03.300E-06    -006.171E+00    -03.300E-06    -006.295E+00    -03.300E-06    -006.006E+00    -03.300E-06    -005.118E+00
-03.400E-06    -003.907E+00    -03.400E-06    -003.638E+00    -03.400E-06    -006.261E+00    -03.400E-06    -006.337E+00    -03.400E-06    -005.951E+00    -03.400E-06    -005.373E+00
-03.500E-06    -004.086E+00    -03.500E-06    -003.783E+00    -03.500E-06    -006.240E+00    -03.500E-06    -006.337E+00    -03.500E-06    -005.951E+00    -03.500E-06    -005.345E+00
-03.600E-06    -004.148E+00    -03.600E-06    -004.024E+00    -03.600E-06    -006.213E+00    -03.600E-06    -006.385E+00    -03.600E-06    -006.027E+00    -03.600E-06    -005.366E+00
-03.700E-06    -004.113E+00    -03.700E-06    -003.776E+00    -03.700E-06    -006.185E+00    -03.700E-06    -006.392E+00    -03.700E-06    -006.178E+00    -03.700E-06    -005.503E+00
-03.800E-06    -004.210E+00    -03.800E-06    -003.976E+00    -03.800E-06    -006.275E+00    -03.800E-06    -006.344E+00    -03.800E-06    -005.910E+00    -03.800E-06    -005.524E+00
-03.900E-06    -004.237E+00    -03.900E-06    -004.162E+00    -03.900E-06    -006.302E+00    -03.900E-06    -006.364E+00    -03.900E-06    -006.103E+00    -03.900E-06    -005.428E+00
-04.000E-06    -004.237E+00    -04.000E-06    -004.217E+00    -04.000E-06    -006.165E+00    -04.000E-06    -006.350E+00    -04.000E-06    -006.116E+00    -04.000E-06    -005.503E+00
-04.100E-06    -004.382E+00    -04.100E-06    -004.100E+00    -04.100E-06    -006.261E+00    -04.100E-06    -006.440E+00    -04.100E-06    -006.054E+00    -04.100E-06    -005.503E+00
-04.200E-06    -004.561E+00    -04.200E-06    -004.251E+00    -04.200E-06    -006.213E+00    -04.200E-06    -006.405E+00    -04.200E-06    -006.158E+00    -04.200E-06    -005.579E+00
-04.300E-06    -004.554E+00    -04.300E-06    -004.203E+00    -04.300E-06    -006.295E+00    -04.300E-06    -006.440E+00    -04.300E-06    -006.034E+00    -04.300E-06    -005.662E+00
-04.400E-06    -004.409E+00    -04.400E-06    -003.907E+00    -04.400E-06    -006.282E+00    -04.400E-06    -006.474E+00    -04.400E-06    -006.034E+00    -04.400E-06    -005.600E+00
-04.500E-06    -004.375E+00    -04.500E-06    -004.134E+00    -04.500E-06    -006.399E+00    -04.500E-06    -006.453E+00    -04.500E-06    -006.034E+00    -04.500E-06    -005.682E+00
-04.600E-06    -004.423E+00    -04.600E-06    -004.196E+00    -04.600E-06    -006.344E+00    -04.600E-06    -006.460E+00    -04.600E-06    -006.227E+00    -04.600E-06    -005.703E+00
-04.700E-06    -004.341E+00    -04.700E-06    -004.279E+00    -04.700E-06    -006.378E+00    -04.700E-06    -006.488E+00    -04.700E-06    -006.192E+00    -04.700E-06    -005.724E+00
-04.800E-06    -004.210E+00    -04.800E-06    -004.155E+00    -04.800E-06    -006.426E+00    -04.800E-06    -006.481E+00    -04.800E-06    -006.054E+00    -04.800E-06    -005.848E+00
-04.900E-06    -004.347E+00    -04.900E-06    -004.368E+00    -04.900E-06    -006.350E+00    -04.900E-06    -006.391E+00    -04.900E-06    -006.137E+00    -04.900E-06    -005.882E+00
-05.000E-06    -004.437E+00    -05.000E-06    -004.444E+00    -05.000E-06    -006.467E+00    -05.000E-06    -006.412E+00    -05.000E-06    -006.192E+00    -05.000E-06    -005.910E+00
-05.100E-06    -004.327E+00    -05.100E-06    -004.416E+00    -05.100E-06    -006.357E+00    -05.100E-06    -006.419E+00    -05.100E-06    -006.219E+00    -05.100E-06    -005.882E+00
-05.200E-06    -004.444E+00    -05.200E-06    -004.602E+00    -05.200E-06    -006.405E+00    -05.200E-06    -006.474E+00    -05.200E-06    -006.123E+00    -05.200E-06    -006.013E+00
-05.300E-06    -004.430E+00    -05.300E-06    -004.389E+00    -05.300E-06    -006.412E+00    -05.300E-06    -006.536E+00    -05.300E-06    -006.267E+00    -05.300E-06    -005.882E+00
-05.400E-06    -004.492E+00    -05.400E-06    -004.485E+00    -05.400E-06    -006.412E+00    -05.400E-06    -006.488E+00    -05.400E-06    -006.095E+00    -05.400E-06    -005.923E+00
-05.500E-06    -004.657E+00    -05.500E-06    -004.630E+00    -05.500E-06    -006.419E+00    -05.500E-06    -006.523E+00    -05.500E-06    -006.199E+00    -05.500E-06    -005.971E+00
-05.600E-06    -004.588E+00    -05.600E-06    -004.540E+00    -05.600E-06    -006.398E+00    -05.600E-06    -006.536E+00    -05.600E-06    -006.199E+00    -05.600E-06    -005.923E+00
-05.700E-06    -004.760E+00    -05.700E-06    -004.540E+00    -05.700E-06    -006.446E+00    -05.700E-06    -006.550E+00    -05.700E-06    -006.178E+00    -05.700E-06    -006.006E+00
-05.800E-06    -004.630E+00    -05.800E-06    -004.588E+00    -05.800E-06    -006.460E+00    -05.800E-06    -006.495E+00    -05.800E-06    -006.254E+00    -05.800E-06    -005.930E+00
-05.900E-06    -004.719E+00    -05.900E-06    -004.540E+00    -05.900E-06    -006.474E+00    -05.900E-06    -006.509E+00    -05.900E-06    -006.178E+00    -05.900E-06    -006.082E+00
-06.000E-06    -004.685E+00    -06.000E-06    -004.464E+00    -06.000E-06    -006.433E+00    -06.000E-06    -006.488E+00    -06.000E-06    -006.288E+00    -06.000E-06    -006.040E+00
-06.100E-06    -004.871E+00    -06.100E-06    -004.458E+00    -06.100E-06    -006.474E+00    -06.100E-06    -006.502E+00    -06.100E-06    -006.267E+00    -06.100E-06    -005.958E+00
-06.200E-06    -004.843E+00    -06.200E-06    -004.396E+00    -06.200E-06    -006.467E+00    -06.200E-06    -006.529E+00    -06.200E-06    -006.219E+00    -06.200E-06    -006.040E+00
-06.300E-06    -004.871E+00    -06.300E-06    -004.712E+00    -06.300E-06    -006.453E+00    -06.300E-06    -006.488E+00    -06.300E-06    -006.137E+00    -06.300E-06    -005.979E+00
-06.400E-06    -004.891E+00    -06.400E-06    -004.506E+00    -06.400E-06    -006.508E+00    -06.400E-06    -006.523E+00    -06.400E-06    -006.268E+00    -06.400E-06    -005.882E+00
-06.500E-06    -004.912E+00    -06.500E-06    -004.754E+00    -06.500E-06    -006.523E+00    -06.500E-06    -006.529E+00    -06.500E-06    -006.309E+00    -06.500E-06    -005.999E+00
-06.600E-06    -005.070E+00    -06.600E-06    -004.719E+00    -06.600E-06    -006.509E+00    -06.600E-06    -006.584E+00    -06.600E-06    -006.268E+00    -06.600E-06    -005.993E+00
-06.700E-06    -005.029E+00    -06.700E-06    -004.754E+00    -06.700E-06    -006.536E+00    -06.700E-06    -006.523E+00    -06.700E-06    -006.275E+00    -06.700E-06    -005.965E+00
-06.800E-06    -004.877E+00    -06.800E-06    -004.932E+00    -06.800E-06    -006.564E+00    -06.800E-06    -006.502E+00    -06.800E-06    -006.233E+00    -06.800E-06    -005.993E+00
-06.900E-06    -004.884E+00    -06.900E-06    -004.926E+00    -06.900E-06    -006.516E+00    -06.900E-06    -006.467E+00    -06.900E-06    -006.426E+00    -06.900E-06    -006.027E+00
-07.000E-06    -004.988E+00    -07.000E-06    -005.063E+00    -07.000E-06    -006.543E+00    -07.000E-06    -006.564E+00    -07.000E-06    -006.385E+00    -07.000E-06    -006.158E+00
-07.100E-06    -005.235E+00    -07.100E-06    -005.208E+00    -07.100E-06    -006.626E+00    -07.100E-06    -006.557E+00    -07.100E-06    -006.268E+00    -07.100E-06    -006.103E+00
-07.200E-06    -005.187E+00    -07.200E-06    -005.235E+00    -07.200E-06    -006.550E+00    -07.200E-06    -006.516E+00    -07.200E-06    -006.350E+00    -07.200E-06    -006.254E+00
-07.300E-06    -005.222E+00    -07.300E-06    -005.201E+00    -07.300E-06    -006.612E+00    -07.300E-06    -006.550E+00    -07.300E-06    -006.240E+00    -07.300E-06    -006.123E+00
-07.400E-06    -005.456E+00    -07.400E-06    -005.201E+00    -07.400E-06    -006.516E+00    -07.400E-06    -006.584E+00    -07.400E-06    -006.254E+00    -07.400E-06    -006.054E+00
-07.500E-06    -005.297E+00    -07.500E-06    -005.194E+00    -07.500E-06    -006.605E+00    -07.500E-06    -006.612E+00    -07.500E-06    -006.323E+00    -07.500E-06    -006.185E+00
-07.600E-06    -005.332E+00    -07.600E-06    -005.284E+00    -07.600E-06    -006.591E+00    -07.600E-06    -006.516E+00    -07.600E-06    -006.371E+00    -07.600E-06    -006.220E+00
-07.700E-06    -005.380E+00    -07.700E-06    -005.208E+00    -07.700E-06    -006.564E+00    -07.700E-06    -006.516E+00    -07.700E-06    -006.364E+00    -07.700E-06    -006.206E+00
-07.800E-06    -005.469E+00    -07.800E-06    -005.118E+00    -07.800E-06    -006.584E+00    -07.800E-06    -006.557E+00    -07.800E-06    -006.392E+00    -07.800E-06    -006.130E+00
-07.900E-06    -005.290E+00    -07.900E-06    -005.318E+00    -07.900E-06    -006.619E+00    -07.900E-06    -006.550E+00    -07.900E-06    -006.364E+00    -07.900E-06    -006.178E+00
-08.000E-06    -005.531E+00    -08.000E-06    -005.352E+00    -08.000E-06    -006.543E+00    -08.000E-06    -006.529E+00    -08.000E-06    -006.440E+00    -08.000E-06    -006.102E+00
-08.100E-06    -005.580E+00    -08.100E-06    -005.442E+00    -08.100E-06    -006.591E+00    -08.100E-06    -006.653E+00    -08.100E-06    -006.336E+00    -08.100E-06    -006.261E+00
-08.200E-06    -005.628E+00    -08.200E-06    -005.304E+00    -08.200E-06    -006.619E+00    -08.200E-06    -006.612E+00    -08.200E-06    -006.384E+00    -08.200E-06    -006.137E+00
-08.300E-06    -005.738E+00    -08.300E-06    -005.345E+00    -08.300E-06    -006.681E+00    -08.300E-06    -006.591E+00    -08.300E-06    -006.440E+00    -08.300E-06    -006.226E+00
-08.400E-06    -005.655E+00    -08.400E-06    -005.290E+00    -08.400E-06    -006.729E+00    -08.400E-06    -006.563E+00    -08.400E-06    -006.481E+00    -08.400E-06    -006.212E+00
-08.500E-06    -005.697E+00    -08.500E-06    -005.435E+00    -08.500E-06    -006.695E+00    -08.500E-06    -006.694E+00    -08.500E-06    -006.433E+00    -08.500E-06    -006.220E+00
-08.600E-06    -005.807E+00    -08.600E-06    -005.504E+00    -08.600E-06    -006.681E+00    -08.600E-06    -006.674E+00    -08.600E-06    -006.453E+00    -08.600E-06    -006.268E+00
-08.700E-06    -005.820E+00    -08.700E-06    -005.469E+00    -08.700E-06    -006.687E+00    -08.700E-06    -006.680E+00    -08.700E-06    -006.495E+00    -08.700E-06    -006.309E+00
-08.800E-06    -005.979E+00    -08.800E-06    -005.173E+00    -08.800E-06    -006.674E+00    -08.800E-06    -006.660E+00    -08.800E-06    -006.522E+00    -08.800E-06    -006.206E+00
-08.900E-06    -005.924E+00    -08.900E-06    -005.504E+00    -08.900E-06    -006.742E+00    -08.900E-06    -006.653E+00    -08.900E-06    -006.508E+00    -08.900E-06    -006.240E+00
-09.000E-06    -005.903E+00    -09.000E-06    -005.435E+00    -09.000E-06    -006.777E+00    -09.000E-06    -006.701E+00    -09.000E-06    -006.488E+00    -09.000E-06    -006.227E+00
-09.100E-06    -005.882E+00    -09.100E-06    -005.614E+00    -09.100E-06    -006.729E+00    -09.100E-06    -006.688E+00    -09.100E-06    -006.474E+00    -09.100E-06    -006.240E+00
-09.200E-06    -005.931E+00    -09.200E-06    -005.456E+00    -09.200E-06    -006.756E+00    -09.200E-06    -006.708E+00    -09.200E-06    -006.563E+00    -09.200E-06    -006.288E+00
-09.300E-06    -006.096E+00    -09.300E-06    -005.566E+00    -09.300E-06    -006.763E+00    -09.300E-06    -006.715E+00    -09.300E-06    -006.557E+00    -09.300E-06    -006.302E+00
-09.400E-06    -006.144E+00    -09.400E-06    -005.490E+00    -09.400E-06    -006.763E+00    -09.400E-06    -006.743E+00    -09.400E-06    -006.563E+00    -09.400E-06    -006.344E+00
-09.500E-06    -005.930E+00    -09.500E-06    -005.710E+00    -09.500E-06    -006.784E+00    -09.500E-06    -006.715E+00    -09.500E-06    -006.523E+00    -09.500E-06    -006.371E+00
-09.600E-06    -006.033E+00    -09.600E-06    -005.621E+00    -09.600E-06    -006.770E+00    -09.600E-06    -006.681E+00    -09.600E-06    -006.550E+00    -09.600E-06    -006.357E+00
-09.700E-06    -006.178E+00    -09.700E-06    -005.758E+00    -09.700E-06    -006.777E+00    -09.700E-06    -006.667E+00    -09.700E-06    -006.564E+00    -09.700E-06    -006.330E+00
-09.800E-06    -006.199E+00    -09.800E-06    -005.772E+00    -09.800E-06    -006.756E+00    -09.800E-06    -006.715E+00    -09.800E-06    -006.598E+00    -09.800E-06    -006.357E+00
-09.900E-06    -005.861E+00    -09.900E-06    -005.807E+00    -09.900E-06    -006.784E+00    -09.900E-06    -006.722E+00    -09.900E-06    -006.543E+00    -09.900E-06    -006.364E+00
-10.000E-06    -006.054E+00    -10.000E-06    -005.896E+00    -10.000E-06    -006.777E+00    -10.000E-06    -006.715E+00    -10.000E-06    -006.626E+00    -10.000E-06    -006.316E+00